382540
1274869
4602684
4873927
8045367
9587828
10927936
13755028
18713130
27166229
43837250
51153357
51795199
81603177
11709317
13853951
15481604
19159192
63122743
15417640
39710197
60319415
4210
4918
40792
59574
193912
244432
396564
637510
842911
850029
862181
934099
1186707
1197421
1394544
1429458
1431410
2257706
2466004
2485310
2503671
2811328
2837547
2863394
3417045
4141999
4620994
5007452
5827025
5850788
6766960
6854086
8217605
8752878
9180007
10220834
11054448
11230293
11420702
11460075
11460080
11460084
11460087
11460449
12281575
12936051
14025633
14306166
14541804
14623337
14670584
14999573
15173107
15534264
15985129
16690201
17904603
19393048
19720831
20125948
20586370
21241712
21940257
22625476
22758173
22763103
23043625
23627580
25156428
23627580
25156428
25453094
25458536
25884097
25892036
26763722
27241107
27591982
28223222
28291382
28378035
28774180
29015528
29040360
29079799
29310121
29414488
30469534
30471653
30816781
31101766
31111824
31385241
32318003
32613780
34454096
34593439
34755644
34755659
34755666
34757461
34757469
